t  u1  u2    xc   yc    teta
0.000  1.000    0.628   0.000    0.000   0.000
0.100  1.000    0.628   0.005    0.100   0.063
0.200  1.000    0.628   0.020    0.199   0.126
0.300  1.000    0.628   0.045    0.295   0.188
0.400  1.000    0.628   0.079    0.389   0.251
0.500  1.000    0.628   0.122    0.479   0.314
0.600  1.000    0.628   0.175    0.564   0.377
0.700  1.000    0.628   0.235    0.644   0.440
0.800  1.000    0.628   0.303    0.717   0.503
0.900  1.000    0.628   0.378    0.783   0.565
1.000  1.000    0.628   0.459    0.841   0.628
1.100  1.000    0.628   0.546    0.890   0.691
1.200  1.000    0.628   0.637    0.931   0.754
1.300  1.000    0.628   0.732    0.963   0.817
1.400  1.000    0.628   0.829    0.985   0.880
1.500  1.000    0.628   0.928    0.997   0.942
1.600  1.000    0.628   1.028    0.999   1.005
1.700  1.000    0.628   1.128    0.991   1.068
1.800  1.000    0.628   1.226    0.973   1.131
1.900  1.000    0.628   1.322    0.946   1.194
2.000  1.000    0.628   1.415    0.909   1.257
2.100  1.000    0.628   1.504    0.862   1.319
2.200  1.000    0.628   1.587    0.808   1.382
2.300  1.000    0.628   1.665    0.745   1.445
2.400  1.000    0.628   1.736    0.675   1.508
2.500  1.000    0.628   1.800    0.598   1.571
2.600  1.000    0.628   1.855    0.515   1.634
2.700  1.000    0.628   1.902    0.427   1.696
2.800  1.000    0.628   1.941    0.335   1.759
2.900  1.000    0.628   1.969    0.239   1.822
3.000  1.000    0.628   1.988    0.141   1.885
3.100  1.000    0.628   1.997    0.042   1.948
3.200  1.000    0.628   1.997    -0.058   2.011
3.300  1.000    0.628   1.986    -0.158   2.073
3.400  1.000    0.628   1.965    -0.255   2.136
3.500  1.000    0.628   1.935    -0.350   2.199
3.600  1.000    0.628   1.895    -0.442   2.262
3.700  1.000    0.628   1.847    -0.529   2.325
3.800  1.000    0.628   1.789    -0.611   2.388
3.900  1.000    0.628   1.724    -0.687   2.450
4.000  1.000    0.628   1.652    -0.756   2.513
4.100  1.000    0.628   1.574    -0.818   2.576
4.200  1.000    0.628   1.489    -0.871   2.639
4.300  1.000    0.628   1.400    -0.915   2.702
4.400  1.000    0.628   1.306    -0.951   2.765
4.500  1.000    0.628   1.210    -0.977   2.827
4.600  1.000    0.628   1.111    -0.993   2.890
4.700  1.000    0.628   1.012    -0.999   2.953
4.800  1.000    0.628   0.912    -0.995   3.016
4.900  1.000    0.628   0.813    -0.982   3.079
5.000  1.000    0.628   0.716    -0.958   3.142
5.100  1.000    0.628   0.622    -0.925   3.204
5.200  1.000    0.628   0.531    -0.883   3.267
5.300  1.000    0.628   0.445    -0.832   3.330
5.400  1.000    0.628   0.365    -0.772   3.393
5.500  1.000    0.628   0.291    -0.705   3.456
5.600  1.000    0.628   0.224    -0.631   3.519
5.700  1.000    0.628   0.165    -0.550   3.581
5.800  1.000    0.628   0.114    -0.464   3.644
5.900  1.000    0.628   0.072    -0.374   3.707
6.000  1.000    0.628   0.040    -0.279   3.770
6.100  1.000    0.628   0.017    -0.182   3.833
6.200  1.000    0.628   0.003    -0.083   3.896
6.300  1.000    0.628   0.000    0.017   3.958
6.400  1.000    0.628   0.007    0.116   4.021
6.500  1.000    0.628   0.023    0.215   4.084
6.600  1.000    0.628   0.050    0.311   4.147
6.700  1.000    0.628   0.086    0.405   4.210
6.800  1.000    0.628   0.130    0.494   4.273
6.900  1.000    0.628   0.184    0.578   4.335
7.000  1.000    0.628   0.246    0.656   4.398
7.100  1.000    0.628   0.315    0.728   4.461
7.200  1.000    0.628   0.391    0.793   4.524
7.300  1.000    0.628   0.474    0.850   4.587
7.400  1.000    0.628   0.561    0.898   4.650
7.500  1.000    0.628   0.653    0.937   4.712
7.600  1.000    0.628   0.748    0.967   4.775
7.700  1.000    0.628   0.846    0.987   4.838
7.800  1.000    0.628   0.945    0.998   4.901
7.900  1.000    0.628   1.045    0.998   4.964
8.000  1.000    0.628   1.145    0.989   5.027
8.100  1.000    0.628   1.243    0.969   5.089
8.200  1.000    0.628   1.338    0.940   5.152
8.300  1.000    0.628   1.430    0.901   5.215
8.400  1.000    0.628   1.518    0.854   5.278
8.500  1.000    0.628   1.601    0.798   5.341
8.600  1.000    0.628   1.677    0.734   5.404
8.700  1.000    0.628   1.747    0.662   5.466
8.800  1.000    0.628   1.810    0.584   5.529
8.900  1.000    0.628   1.864    0.501   5.592
9.000  1.000    0.628   1.910    0.412   5.655
9.100  1.000    0.628   1.946    0.319   5.718
9.200  1.000    0.628   1.973    0.223   5.781
9.300  1.000    0.628   1.991    0.124   5.843
9.400  1.000    0.628   1.998    0.025   5.906
9.500  1.000    0.628   1.996    -0.075   5.969
9.600  1.000    0.628   1.983    -0.174   6.032
9.700  1.000    0.628   1.961    -0.272   6.095
9.800  1.000    0.628   1.929    -0.366   6.158
9.900  1.000    0.628   1.888    -0.457   6.220
10.000  1.000    -0.628   1.838    -0.544   6.220
10.100  1.000    -0.628   1.779    -0.625   6.158
10.200  1.000    -0.628   1.713    -0.699   6.095
10.300  1.000    -0.628   1.639    -0.767   6.032
10.400  1.000    -0.628   1.560    -0.827   5.969
10.500  1.000    -0.628   1.474    -0.879   5.906
10.600  1.000    -0.628   1.384    -0.922   5.843
10.700  1.000    -0.628   1.290    -0.956   5.781
10.800  1.000    -0.628   1.193    -0.980   5.718
10.900  1.000    -0.628   1.095    -0.995   5.655
11.000  1.000    -0.628   0.995    -0.999   5.592
11.100  1.000    -0.628   0.895    -0.994   5.529
11.200  1.000    -0.628   0.796    -0.978   5.466
11.300  1.000    -0.628   0.700    -0.953   5.404
11.400  1.000    -0.628   0.606    -0.919   5.341
11.500  1.000    -0.628   0.516    -0.875   5.278
11.600  1.000    -0.628   0.431    -0.822   5.215
11.700  1.000    -0.628   0.352    -0.761   5.152
11.800  1.000    -0.628   0.279    -0.693   5.089
11.900  1.000    -0.628   0.214    -0.618   5.027
12.000  1.000    -0.628   0.156    -0.536   4.964
12.100  1.000    -0.628   0.107    -0.449   4.901
12.200  1.000    -0.628   0.066    -0.358   4.838
12.300  1.000    -0.628   0.035    -0.263   4.775
12.400  1.000    -0.628   0.014    -0.165   4.712
12.500  1.000    -0.628   0.002    -0.066   4.650
12.600  1.000    -0.628   0.001    0.034   4.587
12.700  1.000    -0.628   0.009    0.133   4.524
12.800  1.000    -0.628   0.027    0.231   4.461
12.900  1.000    -0.628   0.055    0.327   4.398
13.000  1.000    -0.628   0.092    0.420   4.335
13.100  1.000    -0.628   0.139    0.508   4.273
13.200  1.000    -0.628   0.194    0.592   4.210
13.300  1.000    -0.628   0.257    0.669   4.147
13.400  1.000    -0.628   0.328    0.740   4.084
13.500  1.000    -0.628   0.405    0.803   4.021
13.600  1.000    -0.628   0.488    0.858   3.958
13.700  1.000    -0.628   0.576    0.905   3.896
13.800  1.000    -0.628   0.669    0.943   3.833
13.900  1.000    -0.628   0.764    0.971   3.770
14.000  1.000    -0.628   0.863    0.990   3.707
14.100  1.000    -0.628   0.962    0.998   3.644
14.200  1.000    -0.628   1.062    0.997   3.581
14.300  1.000    -0.628   1.161    0.986   3.519
14.400  1.000    -0.628   1.259    0.965   3.456
14.500  1.000    -0.628   1.354    0.934   3.393
14.600  1.000    -0.628   1.445    0.894   3.330
14.700  1.000    -0.628   1.532    0.845   3.267
14.800  1.000    -0.628   1.614    0.788   3.204
14.900  1.000    -0.628   1.690    0.722   3.142
15.000  1.000    -0.628   1.758    0.650   3.079
15.100  1.000    -0.628   1.819    0.571   3.016
15.200  1.000    -0.628   1.872    0.486   2.953
15.300  1.000    -0.628   1.916    0.396   2.890
15.400  1.000    -0.628   1.951    0.303   2.827
15.500  1.000    -0.628   1.977    0.206   2.765
15.600  1.000    -0.628   1.993    0.108   2.702
15.700  1.000    -0.628   1.998    0.008   2.639
15.800  1.000    -0.628   1.994    -0.092   2.576
15.900  1.000    -0.628   1.980    -0.191   2.513
16.000  1.000    -0.628   1.956    -0.288   2.450
16.100  1.000    -0.628   1.923    -0.382   2.388
16.200  1.000    -0.628   1.880    -0.472   2.325
16.300  1.000    -0.628   1.828    -0.558   2.262
16.400  1.000    -0.628   1.768    -0.638   2.199
16.500  1.000    -0.628   1.701    -0.711   2.136
16.600  1.000    -0.628   1.626    -0.778   2.073
16.700  1.000    -0.628   1.546    -0.836   2.011
16.800  1.000    -0.628   1.459    -0.887   1.948
16.900  1.000    -0.628   1.369    -0.928   1.885
17.000  1.000    -0.628   1.274    -0.961   1.822
17.100  1.000    -0.628   1.177    -0.983   1.759
17.200  1.000    -0.628   1.078    -0.996   1.696
17.300  1.000    -0.628   0.978    -0.999   1.634
17.400  1.000    -0.628   0.878    -0.992   1.571
17.500  1.000    -0.628   0.780    -0.975   1.508
17.600  1.000    -0.628   0.684    -0.948   1.445
17.700  1.000    -0.628   0.591    -0.912   1.382
17.800  1.000    -0.628   0.502    -0.866   1.319
17.900  1.000    -0.628   0.418    -0.812   1.257
18.000  1.000    -0.628   0.339    -0.750   1.194
18.100  1.000    -0.628   0.268    -0.681   1.131
18.200  1.000    -0.628   0.203    -0.604   1.068
18.300  1.000    -0.628   0.147    -0.522   1.005
18.400  1.000    -0.628   0.099    -0.434   0.942
18.500  1.000    -0.628   0.060    -0.342   0.880
18.600  1.000    -0.628   0.031    -0.247   0.817
18.700  1.000    -0.628   0.011    -0.149   0.754
18.800  1.000    -0.628   0.001    -0.049   0.691
18.900  1.000    -0.628   0.001    0.050   0.628
19.000  1.000    -0.628   0.011    0.150   0.565
19.100  1.000    -0.628   0.031    0.248   0.503
19.200  1.000    -0.628   0.061    0.343   0.440
19.300  1.000    -0.628   0.100    0.435   0.377
19.400  1.000    -0.628   0.148    0.523   0.314
19.500  1.000    -0.628   0.204    0.605   0.251
19.600  1.000    -0.628   0.268    0.681   0.188
19.700  1.000    -0.628   0.340    0.751   0.126
19.800  1.000    -0.628   0.418    0.813   0.063
19.900  1.000    -0.628   0.502    0.867   -0.000
20.000  1.000    -0.628   0.591    0.912   -0.063
